{
 "cells": [
  {
   "cell_type": "code",
   "execution_count": 1,
   "metadata": {},
   "outputs": [],
   "source": [
    "import numpy as np\n",
    "from scipy.linalg import null_space"
   ]
  },
  {
   "cell_type": "code",
   "execution_count": 2,
   "metadata": {},
   "outputs": [],
   "source": [
    "def gs(A: np.array):\n",
    "    m, n = A.shape\n",
    "\n",
    "    Q = np.zeros((m, n))\n",
    "    R = np.zeros((n, n))\n",
    "    \n",
    "    for i in range(0, n):\n",
    "        v = A[:, i].copy()\n",
    "        for j in range(i):\n",
    "            R[j, i] = np.vdot(Q[:, j], A[:, i])\n",
    "            v -= R[j, i] * Q[:, j]\n",
    "        \n",
    "        R[i, i] = np.linalg.norm(v)\n",
    "        if R[i, i] == 0: \n",
    "            # pick an arbitrary q_i orthogonal to q1 to q_i-1\n",
    "            Q_before_i = Q[:, :i].T.copy()\n",
    "            Q[:, i] = null_space(Q_before_i)[0]\n",
    "        else: \n",
    "            Q[:, i] = v / R[i, i]\n",
    "    \n",
    "    E = Q.T @ Q - np.eye(3)\n",
    "    return Q, R, E"
   ]
  },
  {
   "cell_type": "code",
   "execution_count": 3,
   "metadata": {},
   "outputs": [],
   "source": [
    "def mgs(A: np.array):\n",
    "    m, n = A.shape\n",
    "\n",
    "    Q = np.zeros((m, n))\n",
    "    R = np.zeros((n, n))\n",
    "    \n",
    "    for i in range(0, n):\n",
    "        v = A[:, i].copy()\n",
    "        for j in range(i):\n",
    "            R[j, i] = np.vdot(Q[:, j], v)\n",
    "            v -= R[j, i] * Q[:, j]\n",
    "        \n",
    "        R[i, i] = np.linalg.norm(v)\n",
    "        if R[i, i] == 0: \n",
    "            # pick an arbitrary q_i orthogonal to q1 to q_i-1\n",
    "            Q_before_i = Q[:, :i].T.copy()\n",
    "            Q[:, i] = null_space(Q_before_i)[0]\n",
    "        else: \n",
    "            Q[:, i] = v / R[i, i]\n",
    "            \n",
    "    E = Q.T @ Q - np.eye(3)\n",
    "    return Q, R, E"
   ]
  },
  {
   "cell_type": "code",
   "execution_count": 4,
   "metadata": {},
   "outputs": [
    {
     "name": "stdout",
     "output_type": "stream",
     "text": [
      "ε = 10^-2\n",
      "\n",
      "Classical Gram-Schmidt\n",
      "\n",
      "Q = \n",
      " [[ 5.77350269e-01  8.16496581e-01  1.27206928e-11]\n",
      " [ 5.77350269e-01 -4.08248290e-01  7.07106781e-01]\n",
      " [ 5.77350269e-01 -4.08248290e-01 -7.07106781e-01]]\n",
      "\n",
      "R = \n",
      "[[1.73205081 1.73782431 1.74937132]\n",
      " [0.         0.00816497 0.01224745]\n",
      " [0.         0.         0.00707107]]\n",
      "\n",
      "Loss of Orthogonality = \n",
      "[[ 2.22044605e-16 -6.27947491e-14  5.43805721e-14]\n",
      " [-6.27947491e-14  2.22044605e-16  1.55411449e-11]\n",
      " [ 5.43805721e-14  1.55411449e-11  0.00000000e+00]]\n",
      "\n",
      "Modified Gram-Schmidt\n",
      "\n",
      "Q = \n",
      " [[ 5.77350269e-01  8.16496581e-01  3.11565222e-14]\n",
      " [ 5.77350269e-01 -4.08248290e-01  7.07106781e-01]\n",
      " [ 5.77350269e-01 -4.08248290e-01 -7.07106781e-01]]\n",
      "\n",
      "R = \n",
      "[[1.73205081 1.73782431 1.74937132]\n",
      " [0.         0.00816497 0.01224745]\n",
      " [0.         0.         0.00707107]]\n",
      "\n",
      "Loss of Orthogonality = \n",
      "[[ 2.22044605e-16 -6.27947491e-14  5.43709336e-14]\n",
      " [-6.27947491e-14  2.22044605e-16 -3.20266817e-16]\n",
      " [ 5.43709336e-14 -3.20266817e-16  0.00000000e+00]]\n",
      "\n",
      "--------------------------------------------------------------------------------\n",
      "\n",
      "\n",
      "ε = 10^-4\n",
      "\n",
      "Classical Gram-Schmidt\n",
      "\n",
      "Q = \n",
      " [[ 5.77350269e-01  8.16496581e-01  9.42171216e-08]\n",
      " [ 5.77350269e-01 -4.08248290e-01  7.07106734e-01]\n",
      " [ 5.77350269e-01 -4.08248290e-01 -7.07106828e-01]]\n",
      "\n",
      "R = \n",
      "[[1.73205081e+00 1.73210854e+00 1.73222401e+00]\n",
      " [0.00000000e+00 8.16496581e-05 1.22474479e-04]\n",
      " [0.00000000e+00 0.00000000e+00 7.07106781e-05]]\n",
      "\n",
      "Loss of Orthogonality = \n",
      "[[ 2.22044605e-16 -4.71028840e-12  2.71962115e-12]\n",
      " [-4.71028840e-12 -1.11022302e-16  1.15390013e-07]\n",
      " [ 2.71962115e-12  1.15390013e-07  0.00000000e+00]]\n",
      "\n",
      "Modified Gram-Schmidt\n",
      "\n",
      "Q = \n",
      " [[ 5.77350269e-01  8.16496581e-01  1.57028412e-12]\n",
      " [ 5.77350269e-01 -4.08248290e-01  7.07106781e-01]\n",
      " [ 5.77350269e-01 -4.08248290e-01 -7.07106781e-01]]\n",
      "\n",
      "R = \n",
      "[[1.73205081e+00 1.73210854e+00 1.73222401e+00]\n",
      " [0.00000000e+00 8.16496581e-05 1.22474487e-04]\n",
      " [0.00000000e+00 0.00000000e+00 7.07106781e-05]]\n",
      "\n",
      "Loss of Orthogonality = \n",
      "[[ 2.22044605e-16 -4.71028840e-12  2.71944384e-12]\n",
      " [-4.71028840e-12 -1.11022302e-16  2.63724562e-16]\n",
      " [ 2.71944384e-12  2.63724562e-16  2.22044605e-16]]\n",
      "\n",
      "--------------------------------------------------------------------------------\n",
      "\n",
      "\n",
      "ε = 10^-6\n",
      "\n",
      "Classical Gram-Schmidt\n",
      "\n",
      "Q = \n",
      " [[ 0.57735027  0.81649658  0.00125607]\n",
      " [ 0.57735027 -0.40824829  0.70647791]\n",
      " [ 0.57735027 -0.40824829 -0.70773398]]\n",
      "\n",
      "R = \n",
      "[[1.73205081e+00 1.73205138e+00 1.73205254e+00]\n",
      " [0.00000000e+00 8.16496581e-07 1.22365708e-06]\n",
      " [0.00000000e+00 0.00000000e+00 7.07107618e-07]]\n",
      "\n",
      "Loss of Orthogonality = \n",
      "[[ 2.22044605e-16 -6.28037007e-10  1.80332268e-10]\n",
      " [-6.28037007e-10 -1.11022302e-16  1.53836991e-03]\n",
      " [ 1.80332268e-10  1.53836991e-03  0.00000000e+00]]\n",
      "\n",
      "Modified Gram-Schmidt\n",
      "\n",
      "Q = \n",
      " [[ 5.77350269e-01  8.16496581e-01  1.04673030e-10]\n",
      " [ 5.77350269e-01 -4.08248291e-01  7.07106781e-01]\n",
      " [ 5.77350269e-01 -4.08248291e-01 -7.07106781e-01]]\n",
      "\n",
      "R = \n",
      "[[1.73205081e+00 1.73205138e+00 1.73205254e+00]\n",
      " [0.00000000e+00 8.16496581e-07 1.22474487e-06]\n",
      " [0.00000000e+00 0.00000000e+00 7.07106781e-07]]\n",
      "\n",
      "Loss of Orthogonality = \n",
      "[[ 2.22044605e-16 -6.28037007e-10  1.81298667e-10]\n",
      " [-6.28037007e-10 -1.11022302e-16  2.69470315e-16]\n",
      " [ 1.81298667e-10  2.69470315e-16  0.00000000e+00]]\n",
      "\n",
      "--------------------------------------------------------------------------------\n",
      "\n",
      "\n",
      "ε = 10^-8\n",
      "\n",
      "Classical Gram-Schmidt\n",
      "\n",
      "Q = \n",
      " [[ 0.57735027  0.81649654  0.81477694]\n",
      " [ 0.57735027 -0.40824833 -0.36152066]\n",
      " [ 0.57735027 -0.40824833 -0.45325639]]\n",
      "\n",
      "R = \n",
      "[[ 1.73205081e+00  1.73205081e+00  1.73205082e+00]\n",
      " [ 0.00000000e+00  8.16496576e-09 -9.65317494e-08]\n",
      " [ 0.00000000e+00  0.00000000e+00  1.09008779e-07]]\n",
      "\n",
      "Loss of Orthogonality = \n",
      "[[ 2.22044605e-16 -6.28036987e-08 -5.79673121e-08]\n",
      " [-6.28036987e-08 -1.11022302e-16  9.97893921e-01]\n",
      " [-5.79673121e-08  9.97893921e-01  0.00000000e+00]]\n",
      "\n",
      "Modified Gram-Schmidt\n",
      "\n",
      "Q = \n",
      " [[ 5.77350269e-01  8.16496545e-01  4.18691372e-08]\n",
      " [ 5.77350269e-01 -4.08248327e-01  7.07106823e-01]\n",
      " [ 5.77350269e-01 -4.08248327e-01 -7.07106739e-01]]\n",
      "\n",
      "R = \n",
      "[[1.73205081e+00 1.73205081e+00 1.73205082e+00]\n",
      " [0.00000000e+00 8.16496576e-09 1.22474488e-08]\n",
      " [0.00000000e+00 0.00000000e+00 7.07106777e-09]]\n",
      "\n",
      "Loss of Orthogonality = \n",
      "[[ 2.22044605e-16 -6.28036987e-08  7.25194664e-08]\n",
      " [-6.28036987e-08 -1.11022302e-16  1.13367411e-16]\n",
      " [ 7.25194664e-08  1.13367411e-16  0.00000000e+00]]\n",
      "\n",
      "--------------------------------------------------------------------------------\n",
      "\n",
      "\n",
      "ε = 10^-10\n",
      "\n",
      "Classical Gram-Schmidt\n",
      "\n",
      "Q = \n",
      " [[ 0.57735027  0.81649386  0.81649386]\n",
      " [ 0.57735027 -0.40825101 -0.40824488]\n",
      " [ 0.57735027 -0.40825101 -0.40825714]]\n",
      "\n",
      "R = \n",
      "[[ 1.73205081e+00  1.73205081e+00  1.73205081e+00]\n",
      " [ 0.00000000e+00  8.16496648e-11 -8.15831658e-06]\n",
      " [ 0.00000000e+00  0.00000000e+00  8.15843906e-06]]\n",
      "\n",
      "Loss of Orthogonality = \n",
      "[[ 2.22044605e-16 -4.71027699e-06 -4.71025342e-06]\n",
      " [-4.71027699e-06  2.22044605e-16  1.00000000e+00]\n",
      " [-4.71025342e-06  1.00000000e+00  2.22044605e-16]]\n",
      "\n",
      "Modified Gram-Schmidt\n",
      "\n",
      "Q = \n",
      " [[ 5.77350269e-01  8.16493861e-01  1.57010279e-06]\n",
      " [ 5.77350269e-01 -4.08251010e-01  7.07108351e-01]\n",
      " [ 5.77350269e-01 -4.08251010e-01 -7.07105211e-01]]\n",
      "\n",
      "R = \n",
      "[[1.73205081e+00 1.73205081e+00 1.73205081e+00]\n",
      " [0.00000000e+00 8.16496648e-11 1.22474497e-10]\n",
      " [0.00000000e+00 0.00000000e+00 7.07106840e-11]]\n",
      "\n",
      "Loss of Orthogonality = \n",
      "[[ 2.22044605e-16 -4.71027699e-06  2.71947969e-06]\n",
      " [-4.71027699e-06  2.22044605e-16 -9.71199255e-17]\n",
      " [ 2.71947969e-06 -9.71199255e-17  2.22044605e-16]]\n",
      "\n",
      "--------------------------------------------------------------------------------\n",
      "\n",
      "\n"
     ]
    }
   ],
   "source": [
    "if __name__ == '__main__' and '__file__' not in globals():\n",
    "    result = 'Q = \\n {}\\n\\nR = \\n{}' + \\\n",
    "            '\\n\\nLoss of Orthogonality = \\n{}'\n",
    "    for c in (-2, -4, -6, -8, -10):\n",
    "        print('\\u03B5 = 10^{}\\n'.format(c))\n",
    "        A = np.ones((3, 3))\n",
    "        e = 10**c\n",
    "        A[np.triu_indices(3, k=1)] += [e, 2*e, e]\n",
    "        print('Classical Gram-Schmidt\\n')\n",
    "        print(result.format(*gs(A)))\n",
    "        print('\\nModified Gram-Schmidt\\n')\n",
    "        print(result.format(*mgs(A)))\n",
    "        print('\\n' + '-' * 80 + '\\n\\n')"
   ]
  }
 ],
 "metadata": {
  "kernelspec": {
   "display_name": "Python 3",
   "language": "python",
   "name": "python3"
  },
  "language_info": {
   "codemirror_mode": {
    "name": "ipython",
    "version": 3
   },
   "file_extension": ".py",
   "mimetype": "text/x-python",
   "name": "python",
   "nbconvert_exporter": "python",
   "pygments_lexer": "ipython3",
   "version": "3.6.7"
  }
 },
 "nbformat": 4,
 "nbformat_minor": 2
}
