{
 "cells": [
  {
   "cell_type": "code",
   "execution_count": 1,
   "metadata": {},
   "outputs": [],
   "source": [
    "import numpy as np\n",
    "from numpy.linalg import norm, qr\n",
    "import matplotlib.pyplot as plt\n",
    "%run Gram_Schmidt_Orthogonalization.ipynb\n",
    "np.set_printoptions(precision=10)"
   ]
  },
  {
   "cell_type": "code",
   "execution_count": 2,
   "metadata": {},
   "outputs": [],
   "source": [
    "def house(A):\n",
    "    m, n = A.shape\n",
    "    if m < n: \n",
    "        raise np.linalg.LinAigError(\n",
    "            'Input column vectors not all linearly independent')\n",
    "    \n",
    "    R = A.copy()\n",
    "    Q = np.eye(m)\n",
    "    for k, a in enumerate(R.T):\n",
    "        v = - a[k:].copy()\n",
    "        # sign(v[0]) was reversed\n",
    "        v[0] += np.sign(v[0]) * norm(v)\n",
    "        v = v / norm(v)\n",
    "        R[k:, k:] -= 2 * np.outer(v, v) @ R[k:, k:]\n",
    "        Q[:, k:] -= 2 * Q[:, k:] @ np.outer(v, v)\n",
    "    \n",
    "    E = Q.T @ Q - np.eye(m)\n",
    "    return Q, R, E"
   ]
  },
  {
   "cell_type": "code",
   "execution_count": 3,
   "metadata": {},
   "outputs": [],
   "source": [
    "Z = np.array([[1, 2, 3], [4, 5, 6], [7, 8, 7], \n",
    "             [4, 2, 3], [4, 2, 2]], dtype='float64')\n",
    "\n",
    "A = np.ones((3, 3))\n",
    "A[np.triu_indices(3, k=1)] += [1e-4, 2e-4, 1e-4]\n",
    "\n",
    "B = np.ones((3, 3))\n",
    "B[np.triu_indices(3, k=1)] += [1e-10, 2e-10, 1e-10]"
   ]
  },
  {
   "cell_type": "code",
   "execution_count": 4,
   "metadata": {},
   "outputs": [],
   "source": [
    "result = 'Q = \\n {}\\n\\nR = \\n{}' + \\\n",
    "        '\\n\\nLoss of Orthogonality = \\n{}'"
   ]
  },
  {
   "cell_type": "code",
   "execution_count": 5,
   "metadata": {
    "scrolled": false
   },
   "outputs": [
    {
     "name": "stdout",
     "output_type": "stream",
     "text": [
      "Input: \n",
      " [[1. 2. 3.]\n",
      " [4. 5. 6.]\n",
      " [7. 8. 7.]\n",
      " [4. 2. 3.]\n",
      " [4. 2. 2.]] \n",
      "\n",
      "\n",
      "Q = \n",
      " [[-0.1010152545 -0.3161730695  0.5419968999 -0.6842084629 -0.3576711454]\n",
      " [-0.4040610178 -0.3533699012  0.5161875237  0.3280084066  0.581227436 ]\n",
      " [-0.7071067812 -0.3905667329 -0.5247906491  0.0093972166 -0.2682612422]\n",
      " [-0.4040610178  0.5579524756  0.3871406428  0.3655972729 -0.4918175328]\n",
      " [-0.4040610178  0.5579524756 -0.1204437555 -0.5389986928  0.469465057 ]]\n",
      "\n",
      "R = \n",
      "[[-9.8994949366e+00 -9.4954339188e+00 -9.6974644277e+00]\n",
      " [-8.8817841970e-16 -3.2919196062e+00 -3.0129433684e+00]\n",
      " [ 0.0000000000e+00  0.0000000000e+00  1.9701157154e+00]\n",
      " [-8.8817841970e-16  0.0000000000e+00  1.1102230246e-16]\n",
      " [-8.8817841970e-16  0.0000000000e+00 -5.5511151231e-17]]\n",
      "\n",
      "Loss of Orthogonality = \n",
      "[[ 0.0000000000e+00  5.1509121596e-17 -1.3672188521e-16  3.8402565205e-17\n",
      "   8.1285975971e-18]\n",
      " [ 5.1509121596e-17  0.0000000000e+00 -3.2119882652e-17 -3.9491564177e-17\n",
      "  -9.0317722953e-17]\n",
      " [-1.3672188521e-16 -3.2119882652e-17 -8.8817841970e-16  4.7102633501e-17\n",
      "  -2.3066881024e-16]\n",
      " [ 3.8402565205e-17 -3.9491564177e-17  4.7102633501e-17 -1.1102230246e-16\n",
      "  -1.0284649900e-17]\n",
      " [ 8.1285975971e-18 -9.0317722953e-17 -2.3066881024e-16 -1.0284649900e-17\n",
      "   0.0000000000e+00]]\n",
      "----------------------------------------------------------------------\n",
      "Input: \n",
      " [[1.     1.0001 1.0002]\n",
      " [1.     1.     1.0001]\n",
      " [1.     1.     1.    ]] \n",
      "\n",
      "\n",
      "Q = \n",
      " [[-5.7735026919e-01  8.1649658093e-01 -1.1102230246e-16]\n",
      " [-5.7735026919e-01 -4.0824829046e-01  7.0710678119e-01]\n",
      " [-5.7735026919e-01 -4.0824829046e-01 -7.0710678119e-01]]\n",
      "\n",
      "R = \n",
      "[[-1.7320508076e+00 -1.7321085426e+00 -1.7322240126e+00]\n",
      " [ 0.0000000000e+00  8.1649658093e-05  1.2247448714e-04]\n",
      " [ 0.0000000000e+00  1.3552527156e-20  7.0710678119e-05]]\n",
      "\n",
      "Loss of Orthogonality = \n",
      "[[-1.1102230246e-16 -2.9933699111e-17 -6.0708430091e-17]\n",
      " [-2.9933699111e-17  0.0000000000e+00 -4.0773107617e-17]\n",
      " [-6.0708430091e-17 -4.0773107617e-17  2.2204460493e-16]]\n",
      "----------------------------------------------------------------------\n",
      "Input: \n",
      " [[1.           1.0000000001 1.0000000002]\n",
      " [1.           1.           1.0000000001]\n",
      " [1.           1.           1.          ]] \n",
      "\n",
      "\n",
      "Q = \n",
      " [[-0.5773502692  0.8164965809  0.          ]\n",
      " [-0.5773502692 -0.4082482905  0.7071067812]\n",
      " [-0.5773502692 -0.4082482905 -0.7071067812]]\n",
      "\n",
      "R = \n",
      "[[-1.7320508076e+00 -1.7320508076e+00 -1.7320508077e+00]\n",
      " [ 0.0000000000e+00  8.1649832147e-11  1.2247443420e-10]\n",
      " [ 0.0000000000e+00  6.4623485356e-27  7.0710683969e-11]]\n",
      "\n",
      "Loss of Orthogonality = \n",
      "[[-1.1102230246e-16  7.2500998370e-17 -6.0708430091e-17]\n",
      " [ 7.2500998370e-17 -4.4408920985e-16  4.7255723143e-17]\n",
      " [-6.0708430091e-17  4.7255723143e-17  0.0000000000e+00]]\n",
      "----------------------------------------------------------------------\n"
     ]
    }
   ],
   "source": [
    "for x in (Z, A, B):\n",
    "    print('Input: \\n', x, '\\n\\n')\n",
    "    Q, R, E = house(x)\n",
    "    print(result.format(Q, R, E))\n",
    "    print('-' * 70)"
   ]
  },
  {
   "cell_type": "code",
   "execution_count": 6,
   "metadata": {
    "scrolled": false
   },
   "outputs": [
    {
     "name": "stdout",
     "output_type": "stream",
     "text": [
      "Input: \n",
      " [[1. 2. 3.]\n",
      " [4. 5. 6.]\n",
      " [7. 8. 7.]\n",
      " [4. 2. 3.]\n",
      " [4. 2. 2.]] \n",
      "\n",
      "\n",
      "Q = \n",
      " [[ 0.1010152545  0.3161730695  0.5419968999]\n",
      " [ 0.4040610178  0.3533699012  0.5161875237]\n",
      " [ 0.7071067812  0.3905667329 -0.5247906491]\n",
      " [ 0.4040610178 -0.5579524756  0.3871406428]\n",
      " [ 0.4040610178 -0.5579524756 -0.1204437555]]\n",
      "\n",
      "R = \n",
      "[[9.8994949366 9.4954339188 9.6974644277]\n",
      " [0.           3.2919196062 3.0129433684]\n",
      " [0.           0.           1.9701157154]]\n",
      "\n",
      "Loss of Orthogonality = \n",
      "[[ 0.0000000000e+00  2.3191095063e-16  5.2589450093e-17]\n",
      " [ 2.3191095063e-16  2.2204460493e-16 -1.3166270082e-15]\n",
      " [ 5.2589450093e-17 -1.3166270082e-15 -2.2204460493e-16]]\n",
      "----------------------------------------------------------------------\n",
      "Input: \n",
      " [[1.     1.0001 1.0002]\n",
      " [1.     1.     1.0001]\n",
      " [1.     1.     1.    ]] \n",
      "\n",
      "\n",
      "Q = \n",
      " [[ 5.7735026919e-01  8.1649658093e-01  9.4217121586e-08]\n",
      " [ 5.7735026919e-01 -4.0824829047e-01  7.0710673408e-01]\n",
      " [ 5.7735026919e-01 -4.0824829047e-01 -7.0710682829e-01]]\n",
      "\n",
      "R = \n",
      "[[1.7320508076e+00 1.7321085426e+00 1.7322240126e+00]\n",
      " [0.0000000000e+00 8.1649658093e-05 1.2247447898e-04]\n",
      " [0.0000000000e+00 0.0000000000e+00 7.0710678119e-05]]\n",
      "\n",
      "Loss of Orthogonality = \n",
      "[[ 2.2204460493e-16 -4.7102883952e-12  2.7196211517e-12]\n",
      " [-4.7102883952e-12 -1.1102230246e-16  1.1539001339e-07]\n",
      " [ 2.7196211517e-12  1.1539001339e-07  0.0000000000e+00]]\n",
      "----------------------------------------------------------------------\n",
      "Input: \n",
      " [[1.           1.0000000001 1.0000000002]\n",
      " [1.           1.           1.0000000001]\n",
      " [1.           1.           1.          ]] \n",
      "\n",
      "\n",
      "Q = \n",
      " [[ 0.5773502692  0.8164938614  0.8164938614]\n",
      " [ 0.5773502692 -0.4082510099 -0.4082448813]\n",
      " [ 0.5773502692 -0.4082510099 -0.4082571385]]\n",
      "\n",
      "R = \n",
      "[[ 1.7320508076e+00  1.7320508076e+00  1.7320508077e+00]\n",
      " [ 0.0000000000e+00  8.1649664849e-11 -8.1583165843e-06]\n",
      " [ 0.0000000000e+00  0.0000000000e+00  8.1584390591e-06]]\n",
      "\n",
      "Loss of Orthogonality = \n",
      "[[ 2.2204460493e-16 -4.7102769863e-06 -4.7102534159e-06]\n",
      " [-4.7102769863e-06  2.2204460493e-16  9.9999999996e-01]\n",
      " [-4.7102534159e-06  9.9999999996e-01  2.2204460493e-16]]\n",
      "----------------------------------------------------------------------\n"
     ]
    }
   ],
   "source": [
    "for x in (Z, A, B):\n",
    "    print('Input: \\n', x, '\\n\\n')\n",
    "    Q, R, E = gs(x)\n",
    "    print(result.format(Q, R, E))\n",
    "    print('-' * 70)"
   ]
  },
  {
   "cell_type": "code",
   "execution_count": 7,
   "metadata": {
    "scrolled": false
   },
   "outputs": [
    {
     "name": "stdout",
     "output_type": "stream",
     "text": [
      "Input: \n",
      " [[1. 2. 3.]\n",
      " [4. 5. 6.]\n",
      " [7. 8. 7.]\n",
      " [4. 2. 3.]\n",
      " [4. 2. 2.]] \n",
      "\n",
      "\n",
      "Q = \n",
      " [[ 0.1010152545  0.3161730695  0.5419968999]\n",
      " [ 0.4040610178  0.3533699012  0.5161875237]\n",
      " [ 0.7071067812  0.3905667329 -0.5247906491]\n",
      " [ 0.4040610178 -0.5579524756  0.3871406428]\n",
      " [ 0.4040610178 -0.5579524756 -0.1204437555]]\n",
      "\n",
      "R = \n",
      "[[9.8994949366 9.4954339188 9.6974644277]\n",
      " [0.           3.2919196062 3.0129433684]\n",
      " [0.           0.           1.9701157154]]\n",
      "\n",
      "Loss of Orthogonality = \n",
      "[[ 0.0000000000e+00  2.3191095063e-16  2.0621721935e-16]\n",
      " [ 2.3191095063e-16  2.2204460493e-16 -4.1659030719e-16]\n",
      " [ 2.0621721935e-16 -4.1659030719e-16 -1.1102230246e-16]]\n",
      "----------------------------------------------------------------------\n",
      "Input: \n",
      " [[1.     1.0001 1.0002]\n",
      " [1.     1.     1.0001]\n",
      " [1.     1.     1.    ]] \n",
      "\n",
      "\n",
      "Q = \n",
      " [[ 5.7735026919e-01  8.1649658093e-01  1.5702841204e-12]\n",
      " [ 5.7735026919e-01 -4.0824829047e-01  7.0710678119e-01]\n",
      " [ 5.7735026919e-01 -4.0824829047e-01 -7.0710678118e-01]]\n",
      "\n",
      "R = \n",
      "[[1.7320508076e+00 1.7321085426e+00 1.7322240126e+00]\n",
      " [0.0000000000e+00 8.1649658093e-05 1.2247448714e-04]\n",
      " [0.0000000000e+00 0.0000000000e+00 7.0710678119e-05]]\n",
      "\n",
      "Loss of Orthogonality = \n",
      "[[ 2.2204460493e-16 -4.7102883952e-12  2.7194438382e-12]\n",
      " [-4.7102883952e-12 -1.1102230246e-16  2.6372456233e-16]\n",
      " [ 2.7194438382e-12  2.6372456233e-16  2.2204460493e-16]]\n",
      "----------------------------------------------------------------------\n",
      "Input: \n",
      " [[1.           1.0000000001 1.0000000002]\n",
      " [1.           1.           1.0000000001]\n",
      " [1.           1.           1.          ]] \n",
      "\n",
      "\n",
      "Q = \n",
      " [[ 5.7735026919e-01  8.1649386144e-01  1.5701027876e-06]\n",
      " [ 5.7735026919e-01 -4.0825100994e-01  7.0710835127e-01]\n",
      " [ 5.7735026919e-01 -4.0825100994e-01 -7.0710521110e-01]]\n",
      "\n",
      "R = \n",
      "[[1.7320508076e+00 1.7320508076e+00 1.7320508077e+00]\n",
      " [0.0000000000e+00 8.1649664849e-11 1.2247449727e-10]\n",
      " [0.0000000000e+00 0.0000000000e+00 7.0710683970e-11]]\n",
      "\n",
      "Loss of Orthogonality = \n",
      "[[ 2.2204460493e-16 -4.7102769863e-06  2.7194796860e-06]\n",
      " [-4.7102769863e-06  2.2204460493e-16 -9.7119925507e-17]\n",
      " [ 2.7194796860e-06 -9.7119925507e-17  2.2204460493e-16]]\n",
      "----------------------------------------------------------------------\n"
     ]
    }
   ],
   "source": [
    "for x in (Z, A, B):\n",
    "    print('Input: \\n', x, '\\n\\n')\n",
    "    Q, R, E = mgs(x)\n",
    "    print(result.format(Q, R, E))\n",
    "    print('-' * 70)"
   ]
  },
  {
   "cell_type": "markdown",
   "metadata": {},
   "source": [
    "### Use the built-in Numpy algorithm qr instead of that of Matlab algorithm"
   ]
  },
  {
   "cell_type": "code",
   "execution_count": 8,
   "metadata": {},
   "outputs": [
    {
     "name": "stdout",
     "output_type": "stream",
     "text": [
      "Input: \n",
      " [[1. 2. 3.]\n",
      " [4. 5. 6.]\n",
      " [7. 8. 7.]\n",
      " [4. 2. 3.]\n",
      " [4. 2. 2.]] \n",
      "\n",
      "\n",
      "Q = \n",
      " [[-0.1010152545 -0.3161730695  0.5419968999]\n",
      " [-0.4040610178 -0.3533699012  0.5161875237]\n",
      " [-0.7071067812 -0.3905667329 -0.5247906491]\n",
      " [-0.4040610178  0.5579524756  0.3871406428]\n",
      " [-0.4040610178  0.5579524756 -0.1204437555]]\n",
      "\n",
      "R = \n",
      "[[-9.8994949366 -9.4954339188 -9.6974644277]\n",
      " [ 0.           -3.2919196062 -3.0129433684]\n",
      " [ 0.            0.            1.9701157154]]\n",
      "\n",
      "Loss of Orthogonality = \n",
      "[[-1.1102230246e-16  9.8663457008e-18  1.0050306102e-16]\n",
      " [ 9.8663457008e-18  0.0000000000e+00  1.4844838482e-17]\n",
      " [ 1.0050306102e-16  1.4844838482e-17  2.2204460493e-16]]\n",
      "----------------------------------------------------------------------\n",
      "Input: \n",
      " [[1.     1.0001 1.0002]\n",
      " [1.     1.     1.0001]\n",
      " [1.     1.     1.    ]] \n",
      "\n",
      "\n",
      "Q = \n",
      " [[-5.7735026919e-01  8.1649658093e-01 -8.7560529338e-17]\n",
      " [-5.7735026919e-01 -4.0824829046e-01 -7.0710678119e-01]\n",
      " [-5.7735026919e-01 -4.0824829046e-01  7.0710678119e-01]]\n",
      "\n",
      "R = \n",
      "[[-1.7320508076e+00 -1.7321085426e+00 -1.7322240126e+00]\n",
      " [ 0.0000000000e+00  8.1649658093e-05  1.2247448714e-04]\n",
      " [ 0.0000000000e+00  0.0000000000e+00 -7.0710678119e-05]]\n",
      "\n",
      "Loss of Orthogonality = \n",
      "[[-1.1102230246e-16  1.2696044648e-17 -3.3903261218e-18]\n",
      " [ 1.2696044648e-17 -2.2204460493e-16 -1.0883922809e-16]\n",
      " [-3.3903261218e-18 -1.0883922809e-16  0.0000000000e+00]]\n",
      "----------------------------------------------------------------------\n",
      "Input: \n",
      " [[1.           1.0000000001 1.0000000002]\n",
      " [1.           1.           1.0000000001]\n",
      " [1.           1.           1.          ]] \n",
      "\n",
      "\n",
      "Q = \n",
      " [[-5.7735026919e-01  8.1649658093e-01  8.7560529338e-17]\n",
      " [-5.7735026919e-01 -4.0824829046e-01 -7.0710678119e-01]\n",
      " [-5.7735026919e-01 -4.0824829046e-01  7.0710678119e-01]]\n",
      "\n",
      "R = \n",
      "[[-1.7320508076e+00 -1.7320508076e+00 -1.7320508077e+00]\n",
      " [ 0.0000000000e+00  8.1649464877e-11  1.2247441977e-10]\n",
      " [ 0.0000000000e+00  0.0000000000e+00 -7.0710683969e-11]]\n",
      "\n",
      "Loss of Orthogonality = \n",
      "[[-1.1102230246e-16  7.6794800861e-17  5.1972788598e-18]\n",
      " [ 7.6794800861e-17 -1.1102230246e-16  2.4514267853e-17]\n",
      " [ 5.1972788598e-18  2.4514267853e-17  0.0000000000e+00]]\n",
      "----------------------------------------------------------------------\n"
     ]
    }
   ],
   "source": [
    "for x in (Z, A, B):\n",
    "    print('Input: \\n', x, '\\n\\n')\n",
    "    Q, R = qr(x)\n",
    "    E = Q.T @ Q - np.eye(Q.shape[1])\n",
    "    print(result.format(Q, R, E))\n",
    "    print('-' * 70)"
   ]
  },
  {
   "cell_type": "markdown",
   "metadata": {},
   "source": [
    "### Discussion\n",
    "1. All entries of the matrices Q and R yielded by Householder Triangularization are opposite numbers of those in the Q and R yielded by Gram-Schmidt Orthogonalization. \n",
    "2. The upper triangular matrix achieved from Householder Triangularization algorithm is not perfectly upper triangular. \n",
    "3. Compared to Gram-Schmidt algorithm, Householder algorithm yields more precise orthogonal matrix Q, but not significantly. "
   ]
  }
 ],
 "metadata": {
  "kernelspec": {
   "display_name": "Python 3",
   "language": "python",
   "name": "python3"
  },
  "language_info": {
   "codemirror_mode": {
    "name": "ipython",
    "version": 3
   },
   "file_extension": ".py",
   "mimetype": "text/x-python",
   "name": "python",
   "nbconvert_exporter": "python",
   "pygments_lexer": "ipython3",
   "version": "3.6.7"
  }
 },
 "nbformat": 4,
 "nbformat_minor": 2
}
